38 33 8 3 2 64 50 43
16 29 7 4 2 46 55 39
19 22 6 2 2 48 45 28
13 24 9 3 2 35 45 25
19 40 9 2 2 51 40 37
21 36 17 4 2 52 52 32
20 31 17 4 2 52 48 34
14 35 9 2 2 41 40 27
17 31 6 3 1 36 33 21
16 33 7 3 2 39 39 30
16 23 6 2 2 43 43 26
15 25 5 2 2 44 45 23
14 18 5 2 2 42 37 24
15 21 7 2 1 33 43 31
14 17 5 2 2 37 31 19
13 22 6 2 2 35 36 20
14 23 5 2 1 35 45 23
17 24 7 2 2 39 45 24
12 19 6 2 2 40 41 28
14 24 7 2 2 36 37 20
14 22 6 2 2 39 41 23
17 22 9 2 1 43 48 27
8 17 5 2 2 41 41 22
10 16 6 2 2 32 33 31
15 13 2 2 1 38 27 19
5 5 4 2 2 3 6 2
2 3 27 21 1 1 1 1
4 6 45 41 2 3 2 3
4 15 59 61 1 4 3 4
4 10 64 52 2 3 2 4
4 7 62 69 2 3 3 4
5 8 50 69 2 3 3 3
4 10 64 57 2 3 2 3
3 6 46 50 2 2 2 3
3 5 57 58 2 2 2 2
3 6 43 53 2 2 1 2
2 4 51 40 2 1 1 1
2 4 43 47 2 1 1 2
2 5 32 47 2 1 1 2
2 6 52 58 2 2 1 2
