3 4 1 1 1 2 2 2
1 2 1 1 1 1 1 2
1 1 4 12 3 6 9 1
27 28 16 6 8 33 40 23
46 51 39 9 13 54 52 51
31 36 22 5 10 33 34 34
19 25 14 3 6 21 22 23
18 21 14 3 4 18 18 20
15 18 13 3 4 16 20 13
16 17 10 4 6 26 32 26
13 20 14 3 5 19 19 19
18 25 14 3 6 22 33 22
20 23 14 3 6 25 27 24
18 21 14 3 7 22 30 23
18 28 14 3 6 22 27 17
17 20 13 3 5 15 27 18
14 21 12 3 5 16 23 16
16 17 12 2 4 16 19 17
17 15 11 3 5 16 27 26
20 23 13 3 4 15 24 25
11 10 8 12 12 12 9 10
4 7 27 56 27 13 9 5
3 6 18 40 19 11 6 4
6 7 18 54 19 9 7 7
4 7 25 50 24 9 5 4
3 8 28 59 27 8 5 3
4 9 22 50 27 7 6 4
5 9 20 53 20 8 6 4
4 6 20 58 23 9 5 4
3 4 16 49 20 6 4 2
2 5 15 36 17 6 4 3
1 3 13 45 14 5 3 2
2 6 14 42 14 9 11 5
1 4 12 42 13 5 8 2
2 5 9 36 10 6 8 3
1 2 10 33 8 5 8 2
1 3 8 33 9 5 7 2
1 2 10 35 11 5 3 2
1 2 7 24 8 4 3 1
1 2 7 38 9 4 3 2
3 5 2 3 3 5 6 4
4 4 1 1 2 5 9 4
3 5 1 1 2 2 3 2
4 5 1 1 1 2 1 2
3 4 1 1 2 2 2 2
3 4 1 1 1 2 2 2
3 3 1 1 1 2 2 2
3 3 1 1 1 2 1 2
3 5 1 1 1 2 3 2
3 4 1 1 2 2 2 2
2 2 1 1 1 2 2 1
2 3 1 1 1 1 1 1
3 3 1 1 1 2 2 1
3 4 1 1 2 4 5 4
3 5 1 1 2 6 12 3
3 4 1 1 1 4 5 2
2 3 1 1 1 1 2 2
3 4 1 1 1 1 2 1
3 3 1 1 1 1 2 1
2 3 1 1 1 2 1 2
