12 5 5 22 14 33 55 38
10 5 4 27 10 24 49 29
10 4 4 20 11 31 56 28
14 7 5 27 15 32 55 39
12 5 5 28 14 35 57 36
11 5 4 22 12 32 64 34
8 3 3 22 11 29 58 26
9 4 3 21 10 22 55 31
10 4 4 17 12 29 48 29
9 4 3 15 8 23 53 34
13 6 5 20 16 35 62 40
11 5 5 18 10 26 52 35
9 4 4 23 9 28 52 33
10 5 3 20 12 33 59 40
8 3 3 14 8 24 48 31
14 6 5 19 15 33 62 40
10 4 3 16 9 20 44 29
8 3 2 15 7 22 56 32
7 2 2 13 7 20 47 29
9 4 3 14 11 27 52 30
15 23 27 17 11 24 49 39
11 16 22 14 9 27 45 33
13 16 26 17 9 20 46 36
17 24 26 13 11 30 61 45
14 24 25 17 14 34 53 41
14 20 24 15 10 27 44 36
11 21 22 13 8 25 42 30
12 20 22 10 6 21 49 33
10 16 22 12 7 28 46 37
11 15 21 11 7 23 49 32
8 16 29 14 7 25 41 30
12 21 38 22 9 26 46 26
9 20 25 12 7 25 46 33
9 16 23 13 8 14 40 32
8 15 26 11 8 24 43 31
11 15 28 14 7 20 43 35
10 17 23 12 8 19 47 28
10 17 19 12 8 20 40 33
12 18 24 14 6 19 36 29
8 16 20 10 6 20 44 30
22 38 32 31 4 7 16 21
31 33 33 27 4 6 13 22
22 32 31 21 2 6 18 22
22 35 32 25 3 5 16 21
19 41 40 30 4 6 22 27
16 35 34 29 3 5 18 26
20 34 30 25 5 9 26 26
19 35 29 22 3 6 16 22
16 25 30 21 3 5 18 23
13 26 22 18 2 5 16 20
12 17 22 19 3 5 18 25
8 24 27 17 3 4 15 21
15 26 20 14 3 5 19 14
12 29 22 14 2 4 12 17
11 22 15 14 1 3 13 15
11 24 13 12 2 4 16 17
14 22 15 9 2 3 15 16
12 23 15 10 2 2 12 16
9 14 10 8 1 3 11 11
11 19 14 10 1 3 14 16
