5 3 5 15 42 25 9 9
8 10 15 39 63 48 26 11
7 11 10 26 64 45 23 11
7 10 11 26 61 41 22 10
8 5 12 29 68 45 23 11
6 3 12 35 71 46 20 9
5 2 8 25 61 52 20 8
6 2 11 25 53 39 19 8
4 3 8 21 64 35 14 6
4 2 9 24 66 42 16 6
4 3 7 18 51 38 13 6
4 2 8 16 56 43 13 6
4 3 7 19 59 39 11 10
4 2 7 15 56 31 12 6
3 2 6 18 49 31 10 5
3 2 4 12 52 29 9 3
3 2 6 17 63 29 9 4
3 2 6 16 57 35 12 5
5 4 9 22 55 40 15 7
5 3 8 23 63 39 14 6
45 55 7 6 10 15 21 41
34 36 5 4 5 9 13 35
38 34 6 4 6 10 22 50
24 36 4 3 6 16 15 41
30 34 5 4 7 16 18 50
31 40 3 3 5 15 16 38
32 36 4 3 4 10 13 35
25 32 3 3 6 14 9 30
30 32 4 4 6 12 7 25
33 37 4 4 6 14 10 29
19 27 4 3 6 17 8 18
26 37 4 3 4 13 9 24
21 23 3 4 6 11 7 20
18 22 2 2 3 14 7 19
25 26 4 3 4 9 8 25
19 25 3 3 5 15 7 28
18 23 3 2 4 15 5 15
15 20 2 3 5 12 5 16
13 17 2 2 3 9 5 16
15 23 2 2 3 9 6 20
1 0 1 1 1 6 1 3
2 1 1 1 1 5 2 6
1 1 0 1 1 3 1 3
1 1 1 1 1 6 2 4
1 1 1 1 1 7 2 4
1 1 1 1 1 6 1 4
4 1 1 1 1 7 2 13
2 1 1 1 1 5 2 11
2 1 1 1 1 5 1 7
3 1 1 1 1 4 2 9
2 1 1 1 1 4 2 8
3 1 1 1 1 5 1 10
3 1 1 1 1 7 2 9
3 1 1 1 1 6 2 9
3 1 1 1 1 3 2 6
2 1 1 1 1 8 2 8
3 1 1 1 1 4 2 8
4 1 1 1 1 4 3 11
2 1 1 1 1 5 2 9
2 1 1 1 1 5 2 6
