13 7 5 23 16 30 50 33
11 5 5 17 15 28 55 41
19 7 6 17 13 28 51 40
17 7 6 22 17 31 46 45
16 8 6 23 17 31 46 35
18 7 5 17 15 32 56 41
17 7 6 17 19 32 53 46
17 8 8 24 16 38 61 38
19 6 6 29 20 34 64 43
14 7 6 20 14 24 48 37
13 5 4 18 17 27 54 42
14 6 5 19 17 37 60 33
18 8 7 23 24 41 68 40
14 8 6 22 17 30 61 39
14 9 6 24 15 31 59 34
15 9 5 20 14 39 70 43
12 6 4 15 12 29 54 38
13 6 5 18 15 38 64 38
13 6 5 18 14 38 67 43
13 6 6 16 16 36 65 35
29 26 22 12 17 41 55 38
28 32 31 18 15 43 60 49
23 33 22 12 18 48 69 46
34 36 32 14 20 44 60 49
29 27 26 15 19 47 60 50
21 29 37 15 14 35 56 47
20 28 34 11 13 32 56 45
24 24 38 14 15 45 58 47
20 30 36 11 12 32 56 46
21 31 30 14 14 33 47 38
22 28 24 11 14 34 54 46
18 21 23 8 13 32 54 47
15 23 23 9 11 32 56 41
15 20 21 10 12 32 57 36
16 26 24 10 14 38 58 43
14 20 19 8 9 26 52 38
18 23 32 12 14 35 59 37
16 19 23 11 11 31 55 44
16 19 23 8 10 28 47 36
15 19 19 10 13 31 59 39
28 45 54 59 12 9 19 20
21 35 43 44 7 6 16 19
22 30 30 34 9 7 20 19
16 23 39 34 6 9 26 21
20 33 48 44 9 10 19 21
23 33 42 42 8 9 16 21
21 31 42 39 8 9 16 16
11 24 32 28 5 7 14 16
13 31 38 38 6 6 12 15
13 31 47 46 8 6 12 17
12 23 40 37 7 5 7 13
10 17 32 35 4 5 13 12
11 24 24 23 4 4 12 9
12 30 38 38 7 4 8 10
15 22 34 32 5 4 12 12
12 22 27 29 4 5 8 12
11 23 17 19 4 5 7 12
13 23 28 28 4 4 10 12
9 19 17 19 3 3 6 9
12 22 18 18 2 3 5 8
