1 2 1 1 1 1 1 1
1 1 5 14 7 9 1 1
2 3 17 31 20 9 3 2
21 16 18 18 14 12 28 19
53 49 52 11 12 35 57 43
69 48 43 14 10 26 42 34
48 40 34 11 8 23 34 25
37 40 29 9 8 26 48 32
20 42 36 14 8 30 46 29
20 47 23 9 7 29 47 25
21 37 28 12 8 26 41 25
22 33 28 7 5 20 40 24
21 35 33 5 5 14 36 23
15 28 31 4 5 19 47 29
11 27 36 6 6 15 47 30
27 28 31 6 6 21 49 27
17 25 25 4 5 18 37 20
18 22 20 3 4 14 28 20
11 17 20 3 4 16 40 21
18 22 24 3 4 15 34 20
4 7 1 1 1 3 4 3
7 14 4 1 3 15 27 16
11 10 18 4 5 13 20 10
9 14 24 48 30 18 11 8
4 8 23 34 30 8 5 3
3 8 18 36 20 6 5 3
8 10 21 39 25 11 38 17
2 6 13 32 21 4 8 5
2 2 5 29 17 3 2 2
1 2 3 18 13 2 2 1
1 2 4 23 10 2 2 1
1 3 10 33 16 3 2 1
1 2 5 23 12 2 1 1
1 1 5 28 13 2 1 1
1 2 4 29 14 2 2 1
1 1 4 26 10 2 1 1
1 2 4 29 17 3 2 1
1 2 5 29 13 1 1 1
1 1 4 24 14 2 1 1
1 2 4 25 9 2 1 1
