16 10 15 34 17 9 17 8
42 39 40 8 8 22 50 37
43 45 31 14 10 20 34 30
35 32 30 16 7 14 26 19
24 26 29 12 6 13 33 20
20 23 25 11 6 13 37 20
17 26 26 16 9 22 51 28
18 28 38 15 8 19 46 32
27 35 31 19 11 20 32 21
28 27 33 14 6 11 16 17
25 31 36 13 8 15 26 16
28 39 31 9 6 13 19 14
27 37 37 8 8 12 10 12
21 38 34 7 6 7 5 10
21 29 27 4 6 8 6 7
23 32 30 6 6 7 10 6
17 25 29 5 5 7 11 6
22 24 23 4 4 18 4 6
30 29 26 5 4 7 5 10
38 32 22 5 4 8 6 10
2 2 10 23 10 2 3 1
1 2 8 16 11 3 2 1
4 8 20 35 24 8 6 3
6 12 29 54 48 13 10 6
4 10 23 50 29 6 4 3
4 14 33 47 36 8 6 3
3 12 33 48 24 5 4 3
3 9 24 42 30 7 3 2
2 9 24 42 21 4 2 1
2 8 29 37 19 3 3 2
3 14 29 46 27 3 3 2
2 9 26 38 22 3 3 2
2 8 23 38 23 2 2 2
3 11 25 42 26 5 4 2
2 10 32 43 28 3 2 2
3 13 29 37 23 5 3 2
3 12 27 39 24 4 3 2
3 12 27 40 30 4 3 2
3 13 33 47 25 5 3 2
4 15 31 39 21 4 3 2
