12 28 64 42 18 10 6 10
9 23 58 30 12 7 4 6
7 22 48 31 10 8 4 5
5 15 49 25 9 7 3 5
5 15 52 23 6 6 2 5
5 13 48 28 7 5 3 4
4 13 46 24 6 5 2 4
5 19 59 31 8 5 3 5
5 15 54 26 8 5 2 5
5 15 56 23 7 5 3 4
4 14 52 19 6 3 2 4
3 13 48 19 6 3 2 4
7 21 59 34 10 7 4 6
4 12 48 23 7 3 2 4
3 12 47 21 5 2 1 3
4 10 49 17 5 5 3 4
5 12 49 23 8 4 2 4
6 14 54 27 8 8 3 3
11 31 67 40 15 21 7 9
20 38 69 51 25 24 11 17
5 6 14 14 22 39 36 21
4 5 11 15 15 39 36 20
4 7 11 12 21 41 35 22
4 5 11 13 14 41 36 22
3 4 8 12 10 32 28 17
4 4 9 9 13 35 24 17
3 3 9 10 13 33 26 17
3 2 5 8 12 31 22 13
2 3 8 9 8 31 21 13
3 3 5 7 10 31 24 13
2 2 5 7 11 27 23 12
2 2 5 8 12 30 15 9
2 3 5 7 8 24 17 10
2 3 5 6 12 26 16 8
1 2 5 6 9 29 18 8
2 3 5 9 10 25 14 8
2 3 4 6 10 33 14 9
2 2 5 6 8 35 18 9
2 3 4 7 8 27 18 10
2 2 4 6 6 21 12 6
