5 3 7 3 3 19 22 12
7 5 9 4 3 19 24 12
5 4 8 3 3 16 24 8
5 4 9 3 3 15 20 7
6 4 7 3 3 18 24 9
5 3 8 3 3 16 19 8
5 3 8 4 4 17 23 8
6 4 8 3 3 15 24 8
6 5 7 4 4 25 23 9
4 4 8 3 3 19 22 6
6 3 8 3 3 16 18 7
6 4 9 4 3 17 21 6
7 4 7 4 3 15 13 7
5 4 7 3 3 15 19 8
6 5 9 4 4 19 16 9
6 4 10 3 3 17 15 8
6 5 11 4 2 15 19 11
9 5 12 4 2 15 16 8
7 5 9 4 3 19 15 8
7 5 9 3 2 14 15 8
8 8 16 15 49 41 13 11
10 10 20 16 57 40 17 14
6 7 13 16 53 34 11 8
7 7 13 11 44 34 10 9
6 6 11 9 48 38 10 8
7 7 14 11 52 42 11 9
6 6 11 9 51 38 9 7
8 7 14 15 53 41 14 10
7 7 13 13 51 34 11 9
6 6 12 11 44 37 9 7
6 6 12 10 57 30 10 8
6 6 12 10 51 36 12 9
5 5 10 7 50 33 9 7
5 5 10 11 46 31 8 7
5 5 10 11 40 27 9 7
5 4 8 5 38 21 8 6
4 4 8 8 42 26 6 5
5 5 9 11 37 36 8 6
4 4 7 9 43 34 6 5
4 4 7 6 43 33 7 5
4 3 5 8 23 10 6 5
3 2 3 4 11 7 5 4
2 2 3 4 11 7 7 4
3 3 5 6 15 11 7 4
3 2 4 5 10 7 5 4
2 1 3 4 11 6 4 2
2 1 3 4 13 11 5 2
1 1 2 2 8 8 4 2
2 1 3 3 9 8 5 2
1 1 2 4 11 7 4 2
1 1 3 4 11 9 5 2
1 1 2 5 14 7 5 3
1 1 2 4 13 9 4 2
2 1 3 5 9 6 5 2
1 1 3 4 11 7 3 1
1 1 2 3 9 7 3 1
1 1 2 2 10 9 4 2
1 1 2 3 11 10 4 2
1 1 2 3 7 7 4 1
1 1 2 3 9 7 3 1
