6 7 12 24 54 46 20 9
5 6 8 17 52 37 15 7
3 4 6 13 57 34 14 5
4 4 6 15 56 38 13 5
4 5 6 15 60 38 12 5
3 3 5 15 55 33 10 4
2 3 4 12 55 29 8 3
3 4 6 16 50 29 10 4
3 4 5 13 48 35 10 4
2 3 5 16 48 37 9 4
3 4 6 14 46 36 9 4
2 4 6 14 49 31 9 4
2 3 4 14 47 31 8 3
3 4 6 15 55 32 9 4
8 10 15 35 68 54 27 12
4 5 8 23 59 38 15 6
3 3 5 13 49 29 10 5
3 5 7 14 49 36 13 5
3 3 5 14 50 33 9 4
2 3 5 15 56 39 10 4
35 53 6 3 4 9 9 38
26 47 5 3 8 12 8 26
18 37 4 3 4 8 8 36
23 33 5 2 3 6 7 33
19 36 5 2 3 8 8 26
24 33 5 2 3 7 7 25
18 31 3 2 3 9 6 24
19 25 3 2 3 10 7 28
15 25 3 2 3 6 6 24
15 22 2 2 3 6 5 19
14 17 2 2 2 4 5 23
13 19 3 2 2 5 5 20
15 19 2 1 2 4 5 26
15 19 3 2 3 4 6 22
13 17 2 1 1 4 5 23
12 15 1 1 2 5 4 19
13 13 2 2 2 5 4 27
12 11 2 1 2 4 5 17
8 12 2 1 2 4 4 20
12 17 2 1 2 4 4 19
3 1 1 1 1 6 4 7
3 1 1 1 1 4 4 7
3 1 1 1 1 4 4 7
3 1 1 1 1 3 3 8
3 1 1 1 1 5 3 7
4 1 1 0 1 5 2 7
4 1 1 1 1 3 4 9
4 1 1 1 1 5 4 9
4 1 1 1 1 5 3 6
4 1 0 1 3 4 3 11
4 1 1 1 1 4 3 8
3 1 1 1 2 4 3 6
4 1 1 1 2 4 3 9
3 1 1 1 2 5 3 7
3 1 1 1 3 8 3 7
3 1 1 1 2 4 3 6
4 1 1 1 1 4 3 8
3 1 0 1 2 4 3 8
2 1 1 1 2 3 3 5
3 1 1 1 2 3 4 7
